1101011101101010101001000111100011010111011010101010010001111000
1110100011000111101101110101011011101000110001111011011101010110
1001000010000001110000110110111001000010000001110000110110110101
1100000110111101110011101110111011000001101111011100111011101110
1111010101111100000011111010111111110101011111000000111110101111
1000111100001111100011000101010100011110000111110001100010101010
1010100000110000010001100001001110101000001100000100011000010011
1111110101000110100101010000000111111101010001101001010100000001
1101001100000001001100011011000110100110000000100110001101100011
1000101101000100111101111010111110001011010001001111011110101111
1111111111111111010110111011000111111111111111110101101110110001
1000100101011100110101111011111010001001010111001101011110111110
1101011100100000001000100100010110101110010000000100010010001011
1010100111100011111010010000010110101001111000111110100100000101
1110011011011011100110011110010111100110110110111001100111100101
1000111100001100110011001001001010001111000011001100110010010010